no 3, no 5 = 0
4 1 1 1 1 = 0          11114                      
1 2 2 2 1 = 0          11222  			 
2 6 1 4 1 = 0          11246 			
6 4 6 1 1 = 0          11466		
6 1 6 1 6 = 0          11666     10/51
1 6 2 2 2 = 0          12226
1 6 4 4 4 = 0          14446
6 4 4 1 4 = 0          14446
2 4 2 4 2 = 0          22224
2 2 6 6 6 = 0          22666


exactly one 3, no 5
1 1 1 2 3 = 2          11123
1 4 2 1 3 = 2          11234
1 2 1 4 3 = 2	       11234     
6 1 1 3 2 = 2          11236     
4 1 1 4 3 = 2          11344
1 1 3 6 6 = 2          11366
4 3 4 1 2 = 2          12344    15/51
6 3 4 4 1 = 2          13446
2 2 2 3 6 = 2          22236
3 6 4 2 2 = 2          22346
2 6 2 4 3 = 2          22346
4 4 4 2 3 = 2          23444
3 6 2 4 4 = 2          23446
4 6 6 3 6 = 2          34666
2 6 6 3 4 = 2          23466 
2 6 6 3 6 = 2          23666


exactly one 5 or exactly two 3
1 5 6 1 1 = 4          11156
2 1 1 5 1 = 4          11152
2 3 1 3 1 = 4          11233
4 1 2 5 2 = 4          12245
1 3 6 4 3 = 4          13346          10/51
6 4 5 1 4 = 4          14456
3 2 6 2 3 = 4          22336
4 6 5 6 2 = 4          24566
3 2 6 3 6 = 4          23366
6 6 3 3 2 = 4          23366
4 5 6 6	4 = 4          44566

exactly three 3 or exactly one 3 and one 5
3 1 3 1 3 = 6          11333
2 2 1 3 5 = 6          12235
5 4 2 1 3 = 6          12345
6 3 1 5 4 = 6          13456          10/51
3 2 3 4 3 = 6          23334
3 5 2 6 4 = 6          23456
4 5 2 6 3 = 6          23456
6 4 2 3 5 = 6          23456
6 3 4 5 2 = 6	       23456
6 5 2 6 3 = 6          23566
4 4 3 3 3 = 6          33344

exactly two 5 or exactly two 3 and one 5
1 1 5 5 6 = 8          11556
5 6 5 1 4 = 8          14556          3/51
6 3 5 6 3 = 8          33566

exactly one 3 and two 5
5 2 5 2 3 = 10         22355
6 5 3 4 5 = 10         34556          2/51

exactly three 5
2 5 4 5 5 = 12         24555
4 5 5 4 5 = 12         44555          2/51

exactly two 5 and three 3
5 5 3 3 3 = 14         33355          1/51

- normal distribution?
- cluster seems to be based on frequency?
- maybe modular arithmetic?
- is it reorder invariant?
- is range: [0-12]?
- is output range evenly distributed?
- possible space: 6^5= 7776
- first two clusters are without 5
- first cluster without 3
